    10     1     1
    17     1     1
    22     4     1
    29     4     1
    38     3     1
    44     2     1
    51     2     1
    56     4     1
    65     3     1
    71     3     1
    77     3     1
    86     3     1
    94     3     1
   103     1     1
   110     2     1
   116     4     1
   123     1     1
   128     4     1
   137     4     1
   145     1     1
   149     3     1
   157     4     1
   167     3     1
   176     2     1
   183     4     1
   190     3     1
   199     2     1
   205     4     1
   212     4     1
   221     3     1
   228     1     1
   232     3     1
   239     2     1
   245     4     1
   254     1     1
   258     1     1
   262     1     1
   266     2     1
   273     4     1
   282     3     1
   289     2     1
   295     2     1
   301     2     1
   306     4     1
   316     4     1
   326     1     1
   332     3     1
   341     4     1
   349     4     1
   358     3     1
   364     1     1
   369     1     1
   374     4     1
   381     2     1
   388     1     1
   395     4     1
   405     4     1
   415     1     1
   421     4     1
   428     1     1
   433     2     1


