     8     2     1
    16     2     1
    24     2     1
    32     2     1
    40     2     1
    48     2     1
    56     2     1
    64     2     1
    72     2     1
    80     2     1
    88     2     1
    96     2     1
   104     2     1
   112     2     1
   120     2     1
   128     2     1
   136     2     1
   144     2     1
   152     2     1
   160     2     1
   168     2     1
   176     2     1
   184     2     1
   192     2     1
   200     2     1
   208     2     1
   216     2     1
   224     2     1
   232     2     1
   240     2     1
   248     2     1
   256     2     1
   264     2     1
   272     2     1
   280     2     1
   288     2     1
   296     2     1
   304     2     1
   312     2     1
   320     2     1
   328     2     1
   336     2     1
   344     2     1
   352     2     1

