    8.4658
    8.1626
    8.2015
    8.4560
    7.9370
    8.0342
    8.0875
    8.2072
    8.3942
    8.1436
    8.1879
    8.1372
    8.1728
    8.2078
    8.1811
    8.1221
    8.1303
    8.0353
    8.2830
    8.2161
    8.1302
    8.4889
    8.2187
    8.3012
    8.2108
    8.1806
    8.2637
    8.1825
    8.1352
    8.0786
    8.2204
    8.1403
    8.0410
    8.3954
    8.2459
    8.5245
    8.1678
    8.1155
    8.2206
    8.3610
    8.2209
    7.9026
    8.2311
    8.2549
    8.4935
    8.2112
    8.3098
    8.4892
    8.1198
    8.4006
    8.1039
    8.0399
    8.0498
    8.1155
    8.1371
    8.1797
    8.3280
    8.2824
    8.0947
    8.0986
    8.1690
    8.2571
    8.0952
    8.2490
    8.1640
    8.3425
    8.1454
    8.2291
    8.1370
    7.9866
    8.0787
    8.1469
    8.0987
    8.0117
    8.1981
    8.0681
    8.3147
    8.0565
    8.0199
    8.1028
    8.3350
    8.2477
    8.3415
    8.3272
    8.4012
    8.2933
    8.2588
    8.2583
    8.3466
    8.2378
    8.2883
    8.2650
    8.2519
    8.2551
    8.4636
    8.1863
    8.1398
    8.3171
    8.3144
    8.2536
    8.3075
    8.2700
    8.2734
    8.1375
    7.8754
    8.1002
    8.1413
    8.4451
    8.4036
    8.2794
    8.3164
    8.0688
    8.3852
    8.0597
    8.1853
    8.2505
    8.1294
    8.1810
    8.3484
    8.3070
    8.2319
    8.2654
    8.4198
    8.4397
    8.2676
    8.2529
    8.1264
    8.0596
    8.3081
    8.4171
    8.0144
    8.5774
    8.3752
    8.2044
    8.1944
    8.2127
    8.1918
    8.2877
    8.3943
    8.2010
    7.9843
    8.3903
    8.1963
    8.0879
    8.0906
    8.1596
    8.2684
    8.3622
    8.3527
    8.0822
    8.1648
    8.1644
    8.2333
    8.1239
    8.3428
    8.2789
    8.2810
    8.3019
    8.3003
    8.0103
    8.1061
    8.2423
    8.2458
    8.2461
    8.1648
    7.9917
    8.2464
    8.1802
    8.1664
    8.2003
    8.1372
    8.1306
    8.1768
    8.0197
    8.4054
    8.0306
    8.1826
    8.0224
    8.2627
    8.0871
    8.2334
    8.5157
    8.3168
    8.5875
    8.2692
    8.2408
    8.2504
    8.1011
    8.0868
    8.3172
    8.2087
    8.0968
    8.4147
    8.3447
    8.0444
    8.3795
    8.0805
    8.1451
    8.0265
    8.1860
    8.2561
    8.0328
    8.0584
    8.2268
    8.1183
    8.0107
    8.1850
    8.2449
    8.3450
    8.1901
    8.3183
    8.0600
    8.2674
    8.4003
    8.0943
    8.3899
    8.1234
    8.4050
    8.0484
    8.3742
    8.3913
    8.4030
    8.2361
    8.1027
    8.1177
    8.1348
    8.1149
    8.2058
    8.1591
    8.0666
    8.1906
    8.4555
    8.0910
    8.0900
    8.1507
    8.1523
    8.0671
    8.0737
    8.1370
    8.2040
    8.4394
    8.1026
    7.9907
    8.1134
    8.4560
    8.2444
    8.4467
    8.2976
    8.2288
    8.2950
    8.2170
    8.1738
    8.1858
    8.1555
    8.2372
    8.1525
    8.1692
    8.4167
    8.4436
    8.1256
    8.2652
    8.2814
    8.3383
    8.5116
    8.3212
    8.1883
    8.0921
    8.3889
    8.3584
    8.1121
    8.1093
    8.0416
    8.1173
    8.1418
    8.2664
    8.1766
    8.1525
    8.3321
    8.2343
    8.1750
    8.2677
    7.9921
    8.0023
    8.3328
    8.1610
    8.2034
    8.1320
    8.2813
    8.2255
    8.0405
    8.2929
    8.2269
    8.2904
    8.4645
    8.4194
    8.4097
    8.3065
    8.1855
    8.0496
    8.2573
    8.1875
    8.0884
    8.1698
    8.4572
    8.2518
    8.0109
    8.4425
    8.0956
    8.2837
    8.1779
    8.2550
    8.4350
    8.4372
    8.4246
    8.2269
    8.2619
    8.0280
    8.0089
    8.1587
    8.2870
    8.1934
    8.0879
    8.2907
    8.1334
    8.3374
    8.3516
    7.9885
    8.2141
    8.1552
    8.0884
    8.1846
    8.1637
    8.2966
    8.1718
    8.2110
    8.0713
    8.1520
    8.1535
    8.2549
    8.1468
    8.3605
    8.3265
    8.2245
    7.9545
    8.2896
    8.2709
    8.0336
    8.1307
    8.1443
    8.0223
    8.2154
    8.1413
    7.9866
    8.2022
    8.0857
    8.1904
    8.0646
    7.9703
    8.2874
    8.3163
    7.9698
    8.0167
    8.1959
    8.1800
    8.1397
    8.0439
    8.3709
    8.4717
    8.4096
    8.1987
    8.1032
    8.0693
    8.1182
    8.5223
    8.2911
    8.4531
    8.0940
    8.1438
    8.0391
    8.5294
    8.4063
    8.1466
    8.0978
    8.2057
    8.3036
    8.0654
    8.1099
    8.1254
    8.1861
    8.2020
    8.4261
    8.1735
    8.3697
    8.0314
    8.0701
    8.1916
    8.2151
    8.4104
    8.2452
    8.1283
    8.5256
    8.3614
    8.3339
    8.2408
    8.2438
    8.2902
    8.1386
    7.9303
    8.0068
    8.2042
    8.1940
    8.1455
    8.2223
    8.2033
    8.6575
    8.4255
    7.9337
    8.4572
    8.0920
    8.3232
    7.8309
    8.3372
    8.1241
    8.2317
    8.3677
    8.4081
    8.3299
    8.0948
    8.0906
    8.0478
    8.0955
    8.1908
    8.3079
    8.1763
    8.4734
    8.3886
    8.0685
    8.1469
    8.1273
    8.2339
    8.0273
    8.0608
    8.1510
    8.1824
    8.3027
    8.1195
    8.4559
    8.2684
    8.3417
    8.2365
    8.4056
    8.3089
    8.1758
    8.1126
    8.1709
    8.2268
    8.0953
    8.1304
    8.2539
    8.2533
    8.0390
    8.1503
    8.1332
    8.1016
    8.3530
    8.0940
    8.0886
    8.3865
    8.0528
    8.0709
    8.1086
    8.1198
    8.2164
    8.1207
    8.4895
    8.1702
    8.0907
    8.3160
    7.9737
    8.1776
    8.2659
    8.0485
    8.0550
    8.0606
    8.0671
    8.4960
    8.2908
    8.4344
    8.1777
    8.0955
    8.1994
    8.0885
    8.3900
    8.5313
    8.1710
    8.1024
    8.3190
    8.4546
    8.1946
    7.9636
    8.1639
    8.1110
    8.2693
    8.1237
    8.0159
    8.2247
    8.1780
    8.3668
    8.2893
    8.0236
    8.0024
    8.0905
    8.1059
    8.0925
    8.1352
    8.3664
    8.4439
    8.2381
    8.1686
    8.3606
    8.1682
    8.1938
    8.1056
    8.2805
    8.1778
    8.1297
    8.0759
    8.4371
    8.0451
    8.1465
    8.3943
    8.3114
    8.0853
    8.2264
    8.0549
    8.1574
    8.2189
    8.1458
    8.2752
    8.1372
    8.1311
    8.1985
    8.2936
    8.3760
    8.1034
    8.2899
    8.1958
    8.3095
    8.2584
    8.1169
    8.3840
    8.3119
    8.3008
    8.3177
    8.1852
    8.4629
    8.1270
    8.2023
    8.0165
    8.1472
    8.0303
    8.2233
    7.9399
    8.1232
    8.1630
    8.1563
    8.1152
    8.4769
    8.2139
    8.1599
    8.2965
    8.0619
    8.3199
    8.0862
    8.1207
    8.2438
    8.1765
    8.1291
    8.0919
    8.3319
    8.3925
    8.1017
    8.2326
    8.2798
    8.2722
    8.2917
    8.0360
    8.2561
    8.1257
    8.2231
    8.0252
    8.0398
    8.3242
    8.1531
    8.2815
    8.3819
    8.3069
    8.2625
    8.1359
    8.1526
    8.2061
    8.1371
    8.2383
    8.0811
    8.1710
    8.0427
    7.9854
    8.1416
    8.0617
    8.2799
    8.3119
    8.7354
    8.2209
    8.1841
    8.4517
    8.2601
    8.3447
    8.1518
    8.2575
    8.2890
    8.3098
    8.2990
    8.3129
    8.3618
    8.0137
    8.3330
    8.3941
    8.4474
    8.3035
    8.2073
    8.3204
    8.0489
    8.4309
    8.1638
    8.5638
    8.3578
    8.1735
    8.2340
    8.1624
    8.0754
    8.2166
    8.2489
    8.2343
    8.2380
    7.9716
    8.3959
    8.1537
    7.9891
    8.2702
    8.0659
    8.3674
    8.2676
    8.1588
    8.0107
    8.1489
    8.3201
    8.1703
    8.1415
    7.9917
    8.3821
    8.2552
    8.0906
    7.9852
    8.4769
    8.1706
    8.1973
    8.3490
    8.3276
    8.1403
    8.2535
    8.4022
    8.0141
    8.0944
    8.0989
    8.1203
    8.3773
    8.0092
    8.2347
    8.1850
    8.2713
    8.0728
    8.2099
    8.0862
    8.1098
    8.2724
    8.5155
    8.1352
    8.2986
    8.2559
    8.5145
    8.1374
    8.2063
    8.2407
    8.2226
    8.2441
    8.2443
    8.2165
    8.1736
    8.2893
    7.9769
    7.9754
    8.0648
    8.3795
    8.2451
    8.3861
    8.1782
    8.2144
    8.4016
    8.1950
    8.1425
    8.2319
    8.2029
    8.1942
    8.2332
    8.2274
    8.2418
    8.1136
    8.1766
    8.1351
    8.2739
    8.3364
    8.3805
    8.1027
    8.2035
    8.2848
    8.3705
    8.3411
    8.1619
    8.2254
    8.1000
    8.2534
    8.2210
    8.0294
    8.2772
    8.2364
    8.3380
    8.1332
    8.3189
    8.1652
    8.3308
    7.9844
    8.1381
    8.2479
    8.1602
    8.3067
    8.3901
    8.2761
    8.1173
    8.2696
    8.2764
    8.0698
    8.1473
    8.0693
    8.3108
    7.9950
    8.0709
    8.0800
    8.1568
    8.0547
    8.1232
    8.4028
    8.3341
    8.4897
    8.1175
    8.2376
    8.2977
    8.4293
    8.3107
    8.1882
    8.2080
    8.2036
    8.2255
    8.0553
    8.2228
    8.2529
    8.2163
    8.3294
    8.2598
    8.1221
    8.2824
    8.2745
    8.1315
    8.3106
    8.0468
    8.2086
    8.0231
    8.2514
    8.1925
    8.1138
    8.2110
    8.2082
    8.3151
    8.0580
    8.1757
    8.0981
    7.9287
    8.5160
    8.0908
    8.2044
    8.2170
    8.1430
    8.0710
    8.2935
    7.9946
    8.3588
    8.2252
    8.5066
    8.2537
    8.4784
    8.4531
    8.0115
    8.2753
    8.4229
    8.2889
    8.3643
    8.4570
    8.2676
    8.4004
    8.0081
    8.3111
    8.1215
    8.0975
    8.2110
    8.3826
    8.2791
    8.1851
    8.2672
    8.1052
    8.2289
    8.0455
    8.1865
    8.3218
    8.1478
    8.2884
    8.2055
    7.9429
    8.1885
    8.2560
    8.2683
    8.0127
    8.2381
    8.1127
    8.0906
    8.2137
    8.4342
    8.3256
    8.3317
    8.2696
    8.3363
    8.1801
    8.3720
    8.2126
    8.1614
    7.9689
    8.0269
    8.2395
    8.6326
    8.2473
    8.1592
    8.1723
    8.0983
    7.9151
    8.3729
    8.1963
    8.1520
    8.1962
    8.0098
    8.1166
    8.3424
    8.1334
    8.4075
    7.9515
    8.2423
    8.3271
    7.9808
    8.0484
    8.1388
    8.0712
    8.0788
    8.3381
    8.4769
    8.2738
    7.7626
    8.1504
    8.2153
    8.1368
    8.0734
    8.3714
    8.3776
    8.3521
    8.3173
    8.4240
    8.1451
    8.1368
    8.2356
    8.2234
    8.0241
    8.3221
    8.1894
    8.2007
    8.2413
    8.2607
    8.3524
    8.3412
    8.1780
    8.2538
    8.1775
    8.2454
    8.2363
    8.2335
    8.1850
    7.9259
    8.2210
    7.9529
    8.0913
    8.2553
    8.2966
    8.1980
    8.1330
    8.0862
    8.0821
    8.5244
    8.2957
    8.2203
    8.2502
    8.2210
    8.1998
    8.3050
    8.3784
    8.3998
    8.4445
    8.4506
    8.1500
    8.0080
    8.3764
    8.4647
    8.3182
    8.3132
    8.1286
    7.8988
    8.3916
    8.4138
    8.0903
    8.1670
    8.3457
    8.2832
    8.3229
    8.1551
    8.2415
    8.1849
    8.5092
    8.1084
    8.1860
    8.1311
    7.9318
    8.2292
    8.3631
    8.2077
    8.2846
    8.3994
    8.1478
    8.1970
    8.2574
    8.1726
    8.2936
    8.1776
    8.3488
    8.4094
    8.3707
    8.5306
    8.4274
    8.2066
    8.2109
    8.2216
    8.0261
    8.3687
    8.2845
    8.4999
    8.1452
    8.2318
    8.1806
    8.0572
    8.2634
    8.2253
    8.1012
    8.6350
    8.0992
    8.0626
    8.4161
    8.2008
    8.1913
    8.3533
    8.1637
    8.4055
    7.9754
    8.1145
    8.3953
    8.2959
    8.1104
    8.2626