    8.1009
    7.8431
    7.9878
    8.1618
    7.6291
    7.6871
    7.7742
    7.8574
    8.0371
    7.8848
    7.9303
    7.9153
    7.8733
    7.9521
    7.8271
    7.8279
    7.9179
    7.7141
    7.9857
    7.8716
    7.8151
    8.1863
    7.9300
    7.9517
    7.9433
    7.7829
    7.9517
    7.9150
    7.8415
    7.7993
    7.9537
    7.8013
    7.7483
    8.0822
    7.9407
    8.1921
    7.9203
    7.8830
    7.9481
    8.0154
    7.8790
    7.5536
    7.9023
    7.9878
    8.1407
    7.9220
    8.0510
    8.1781
    7.8916
    8.0850
    7.8554
    7.7557
    7.7208
    7.9142
    7.8495
    7.8615
    8.0358
    7.9336
    7.8448
    7.8066
    7.8128
    8.0447
    7.7480
    7.9503
    7.8751
    8.0042
    7.8727
    7.9302
    7.8497
    7.6493
    7.7849
    7.8529
    7.7643
    7.6596
    7.8646
    7.7786
    7.9971
    7.7402
    7.7675
    7.7233
    8.0907
    7.9483
    7.9979
    8.0273
    8.0553
    8.0303
    8.0163
    7.9355
    8.0580
    7.9900
    8.0090
    7.9599
    7.9560
    7.9782
    8.1484
    7.9273
    7.7717
    7.9909
    7.9985
    7.9408
    7.9418
    7.9750
    7.9922
    7.8193
    7.6113
    7.8257
    7.7725
    8.1754
    8.1117
    8.0417
    7.9518
    7.8322
    8.0974
    7.8020
    7.8468
    7.9520
    7.8301
    7.9206
    8.0523
    8.0244
    7.9937
    7.9609
    8.1469
    8.0971
    7.9718
    8.0150
    7.8224
    7.8156
    7.9852
    8.0509
    7.6542
    8.2689
    8.0869
    7.8439
    7.8288
    7.9949
    7.9215
    7.9725
    8.0852
    7.8705
    7.6755
    8.0412
    7.8846
    7.8081
    7.7165
    7.7884
    7.9691
    8.0147
    8.0365
    7.6872
    7.8000
    7.8187
    7.9128
    7.7876
    8.0831
    8.0285
    7.9768
    8.0224
    7.9838
    7.6811
    7.8287
    7.9037
    7.9675
    7.9866
    7.8190
    7.6769
    7.9108
    7.8889
    7.8350
    7.9179
    7.8692
    7.8929
    7.9116
    7.7583
    8.0980
    7.7478
    7.9141
    7.6594
    7.9473
    7.7730
    7.8754
    8.2574
    8.0857
    8.3520
    7.9003
    7.8972
    7.9021
    7.8528
    7.7395
    8.0185
    7.8664
    7.7872
    8.1142
    8.0225
    7.6756
    8.0939
    7.7899
    7.7985
    7.7593
    7.9144
    7.9286
    7.6369
    7.7516
    7.9937
    7.8726
    7.7192
    7.8947
    7.9782
    8.0420
    7.8405
    7.9423
    7.6953
    7.9472
    8.0971
    7.7400
    8.1270
    7.8492
    8.0572
    7.8014
    8.0347
    8.0812
    8.1434
    7.9367
    7.7286
    7.8174
    7.7888
    7.7465
    7.8330
    7.9407
    7.7448
    7.9589
    8.2387
    7.8227
    7.7646
    7.9173
    7.8536
    7.8003
    7.7945
    7.8840
    7.8655
    8.1744
    7.7561
    7.6868
    7.8440
    8.1245
    7.8784
    8.1398
    7.9826
    7.9103
    7.9773
    7.8622
    7.8201
    7.9119
    7.7978
    7.9493
    7.8116
    7.8776
    8.0986
    8.1114
    7.8530
    7.9212
    8.0168
    8.0583
    8.1903
    8.0134
    7.8926
    7.7770
    8.1034
    8.0621
    7.8164
    7.8118
    7.7105
    7.9241
    7.8233
    7.9367
    7.8821
    7.7984
    8.0332
    7.9303
    7.8422
    7.9816
    7.6298
    7.6838
    8.1031
    7.9309
    7.9418
    7.7597
    7.9695
    7.9405
    7.7372
    7.9855
    7.8826
    7.9887
    8.1501
    8.1152
    8.0977
    7.9592
    7.9010
    7.7552
    7.9388
    7.8532
    7.8299
    7.8810
    8.1337
    7.9891
    7.6542
    8.1496
    7.7260
    8.0182
    7.8789
    7.9525
    8.1077
    8.1215
    8.1430
    7.9508
    7.9713
    7.8018
    7.6697
    7.9183
    7.9707
    7.9473
    7.8509
    7.9621
    7.7601
    8.0143
    8.0416
    7.6571
    7.9374
    7.8151
    7.7751
    7.9033
    7.8530
    8.0308
    7.8279
    7.8681
    7.7703
    7.9506
    7.8208
    8.0618
    7.7904
    8.0481
    7.9845
    7.9170
    7.6686
    7.9734
    7.9432
    7.7099
    7.8095
    7.8058
    7.6975
    7.9395
    7.8264
    7.6928
    7.9149
    7.7977
    7.8759
    7.7341
    7.6921
    7.9667
    8.0396
    7.6893
    7.6990
    7.9017
    7.9006
    7.8626
    7.6814
    8.1523
    8.1662
    8.0898
    7.8322
    7.7757
    7.8204
    7.8454
    8.2428
    7.8707
    8.1790
    7.7781
    7.8640
    7.6901
    8.1727
    8.0722
    7.9069
    7.7988
    7.9262
    8.0320
    7.7789
    7.7645
    7.8602
    7.8978
    7.8820
    8.1028
    7.8940
    7.9894
    7.6782
    7.7986
    7.8553
    8.0131
    8.1798
    7.9532
    7.8171
    8.1126
    8.1046
    7.9671
    7.9387
    7.8466
    8.0032
    7.7926
    7.6218
    7.7544
    7.9506
    7.9530
    7.8209
    7.9227
    7.9198
    8.3746
    8.0962
    7.6090
    8.0824
    7.8057
    8.0349
    7.5664
    8.0139
    7.8557
    7.9422
    8.0911
    8.1091
    8.0226
    7.7728
    7.7787
    7.7920
    7.7946
    7.8768
    8.0003
    7.8617
    8.1535
    8.1370
    7.7396
    7.7907
    7.8395
    7.9656
    7.7732
    7.7799
    7.8209
    7.8907
    7.9948
    7.8647
    8.1602
    7.9465
    8.0342
    7.9278
    8.0223
    8.0080
    7.8416
    7.8123
    7.9005
    7.9047
    7.8211
    7.7845
    7.9141
    7.9519
    7.7525
    7.9067
    7.8638
    7.8142
    8.0399
    7.8322
    7.8267
    8.1127
    7.7961
    7.6950
    7.7471
    7.8234
    7.8951
    7.8100
    8.1669
    7.7891
    7.8282
    8.0442
    7.7035
    7.9045
    7.9425
    7.7816
    7.7691
    7.7235
    7.7600
    8.2393
    8.0279
    8.1864
    7.8491
    7.6994
    7.8860
    7.8050
    8.0645
    8.1997
    7.9015
    7.7986
    8.0341
    8.2328
    7.8761
    7.6623
    7.8578
    7.8425
    8.0132
    7.7800
    7.7168
    7.9490
    7.9193
    8.1279
    8.0439
    7.7226
    7.6800
    7.7665
    7.8046
    7.7960
    7.7823
    8.0596
    8.0886
    7.9869
    7.8216
    8.0641
    7.8766
    7.8945
    7.7640
    7.9313
    7.9690
    7.7953
    7.7377
    8.1393
    7.7573
    7.8691
    8.1080
    8.0147
    7.8077
    7.9657
    7.7849
    7.9237
    7.8745
    7.8671
    7.9565
    7.8136
    7.7901
    7.8810
    7.9831
    8.0054
    7.7846
    8.0216
    7.9085
    8.1068
    7.9165
    7.8272
    8.0501
    7.9646
    8.0011
    8.0722
    7.8818
    8.0839
    7.8741
    7.8798
    7.7289
    7.8560
    7.8284
    7.9446
    7.6500
    7.8767
    7.8884
    7.8112
    7.8313
    8.2437
    7.9229
    7.8016
    8.0007
    7.7525
    8.0148
    7.8649
    7.8051
    8.0043
    7.8425
    7.8128
    7.8324
    8.0067
    8.1115
    7.7812
    7.9178
    7.9727
    7.9230
    8.0109
    7.7354
    7.9216
    7.8160
    7.9535
    7.7614
    7.7179
    8.0091
    7.8842
    7.9957
    8.0126
    8.0322
    7.9389
    7.9012
    7.8146
    7.8951
    7.8262
    7.9927
    7.8636
    7.8720
    7.7603
    7.6367
    7.8627
    7.8017
    7.8845
    8.0275
    8.4303
    7.9691
    7.8706
    8.1776
    7.9406
    8.0667
    7.8599
    7.9284
    8.0680
    8.0233
    7.9933
    8.0318
    8.0838
    7.7383
    8.0706
    8.0140
    8.1245
    8.0265
    7.9464
    7.9821
    7.6997
    8.1476
    7.9158
    8.2633
    8.0732
    7.8514
    7.9588
    7.8493
    7.7389
    7.9351
    7.9465
    7.9039
    7.8988
    7.6998
    8.0330
    7.9174
    7.6953
    8.0119
    7.7751
    8.0380
    7.9724
    7.7973
    7.7410
    7.8141
    8.0430
    7.8234
    7.8522
    7.7188
    8.0541
    7.9562
    7.8097
    7.6826
    8.1569
    7.8790
    7.8795
    8.0111
    8.0068
    7.8277
    7.9236
    8.1762
    7.6284
    7.8565
    7.7827
    7.7647
    8.0009
    7.7129
    7.9727
    7.8308
    7.8744
    7.7230
    7.8823
    7.7180
    7.8004
    7.9529
    8.1194
    7.8675
    8.0086
    7.9607
    8.2189
    7.8813
    7.9807
    7.9493
    7.9937
    7.9472
    7.8657
    7.8891
    7.8896
    8.0793
    7.7069
    7.6375
    7.6937
    8.1072
    7.9690
    8.0960
    7.8865
    7.8763
    8.0739
    7.8978
    7.8581
    7.9098
    7.8518
    7.8002
    7.9192
    7.8836
    7.9638
    7.8559
    7.9404
    7.8485
    8.0099
    8.0004
    8.0905
    7.7481
    7.9340
    8.0634
    8.0438
    8.0531
    7.8435
    7.9670
    7.8037
    7.9558
    7.9268
    7.6780
    7.9793
    7.9230
    7.9846
    7.8035
    8.0104
    7.8132
    7.9933
    7.6851
    7.8413
    7.8844
    7.8019
    7.9943
    8.0467
    7.9395
    7.7877
    8.0058
    7.8768
    7.7746
    7.8551
    7.7733
    8.0209
    7.7071
    7.7352
    7.8243
    7.8550
    7.7867
    7.8324
    7.9965
    8.0564
    8.0845
    7.8197
    7.9352
    8.0268
    8.1622
    7.9714
    7.8344
    7.9477
    7.9378
    7.9303
    7.7491
    7.9422
    7.9980
    7.9424
    8.0688
    7.9102
    7.8267
    8.0104
    8.0268
    7.8093
    7.9525
    7.7140
    7.9658
    7.7090
    7.9308
    7.8536
    7.8394
    7.8400
    7.9299
    7.9859
    7.7911
    7.8771
    7.6912
    7.6062
    8.2178
    7.7537
    7.9283
    7.8917
    7.8388
    7.7911
    8.0569
    7.7236
    8.1103
    7.8998
    8.2118
    7.8844
    8.2101
    8.2126
    7.7803
    7.9686
    8.1029
    7.8945
    8.0513
    8.1958
    8.0043
    8.0449
    7.6257
    7.9544
    7.7935
    7.7759
    7.8596
    8.1139
    7.9667
    7.8548
    7.9363
    7.8231
    7.9643
    7.7307
    7.8803
    8.0028
    7.8881
    7.9617
    7.9323
    7.6843
    7.8601
    7.9856
    8.0362
    7.7240
    7.9099
    7.9036
    7.7898
    7.9502
    8.1528
    8.0192
    8.0554
    7.9569
    8.0374
    7.9091
    8.0951
    7.9434
    7.8539
    7.6399
    7.7694
    7.9430
    8.2990
    7.9723
    7.8223
    7.8110
    7.7809
    7.7273
    8.0698
    7.9233
    7.8726
    7.9219
    7.7895
    7.8444
    7.9856
    7.7933
    8.0875
    7.7157
    7.9358
    7.9934
    7.7074
    7.6986
    7.8386
    7.7630
    7.7985
    8.0150
    8.1146
    7.9233
    7.4732
    7.9072
    7.8807
    7.7446
    7.8501
    8.0986
    8.0639
    8.0479
    8.0357
    8.1384
    7.7830
    7.8304
    7.9472
    7.8699
    7.7394
    7.9564
    7.9193
    7.9243
    7.9570
    7.9329
    7.9654
    8.0323
    7.9381
    7.9109
    7.9137
    7.9527
    7.9559
    7.9570
    7.8587
    7.6616
    7.9430
    7.5983
    7.7641
    8.0255
    7.9867
    7.9175
    7.8296
    7.8073
    7.8056
    8.3028
    7.9299
    7.9594
    7.9406
    7.8739
    7.8675
    8.0009
    8.1394
    8.0452
    8.1532
    8.1329
    7.7970
    7.6940
    8.0174
    8.1598
    8.0303
    8.0069
    7.8649
    7.5966
    8.0269
    8.1205
    7.8027
    7.8012
    8.0792
    7.9875
    8.0803
    7.8789
    7.9550
    7.8313
    8.1351
    7.7815
    7.8720
    7.8039
    7.6861
    7.9216
    8.1243
    7.9553
    7.9614
    8.0852
    7.8268
    7.8480
    7.9741
    7.8839
    8.0302
    7.7822
    8.0618
    8.1790
    8.0701
    8.2599
    8.0672
    7.8559
    7.9203
    7.9234
    7.7036
    8.0271
    7.9639
    8.1791
    7.7937
    7.8827
    7.8755
    7.8068
    7.9254
    7.8737
    7.7356
    8.2843
    7.8313
    7.7337
    8.1067
    7.8624
    7.9685
    8.0224
    7.8461
    8.1169
    7.7191
    7.8433
    8.0288
    8.0669
    7.7495
    7.9695