    8.4046
    8.0586
    8.1583
    8.3531
    7.8397
    7.9087
    8.0164
    8.0925
    8.2743
    8.1006
    8.1218
    8.0934
    8.0931
    8.1295
    8.0412
    8.0838
    8.0482
    7.9096
    8.2331
    8.1617
    8.0399
    8.3989
    8.1078
    8.2139
    8.1143
    8.0588
    8.2238
    8.1112
    8.0599
    7.9881
    8.1568
    8.0320
    7.8898
    8.3403
    8.1701
    8.3740
    8.1293
    8.0576
    8.1490
    8.2562
    8.1833
    7.8323
    8.1343
    8.2020
    8.4081
    8.1084
    8.2199
    8.4212
    8.0849
    8.3449
    8.0267
    7.9599
    7.9732
    8.0909
    8.0204
    8.1133
    8.2359
    8.1791
    8.0152
    8.0176
    8.1255
    8.1902
    8.0027
    8.1846
    8.0971
    8.2914
    8.0769
    8.1683
    8.0399
    7.8857
    7.9645
    8.0283
    7.9952
    7.9174
    8.1228
    7.9595
    8.2813
    7.9041
    7.9369
    7.9785
    8.2456
    8.1907
    8.2486
    8.2485
    8.2866
    8.2360
    8.2107
    8.1690
    8.2533
    8.1748
    8.2234
    8.1726
    8.1460
    8.1971
    8.3572
    8.0962
    8.0632
    8.2219
    8.2316
    8.1544
    8.1723
    8.1983
    8.2194
    8.0349
    7.8148
    8.0161
    8.0348
    8.3848
    8.3370
    8.2177
    8.1898
    8.0108
    8.2509
    8.0328
    8.0706
    8.1761
    8.0789
    8.0811
    8.2682
    8.2450
    8.0940
    8.1772
    8.3306
    8.3234
    8.1905
    8.1527
    8.0467
    8.0108
    8.2299
    8.2964
    7.9539
    8.4899
    8.2622
    8.1001
    8.0491
    8.1577
    8.1137
    8.2287
    8.2838
    8.1145
    7.8992
    8.2975
    8.0797
    8.0301
    7.9676
    7.9901
    8.1929
    8.2892
    8.2336
    7.9624
    8.0573
    8.0171
    8.1476
    8.0299
    8.2566
    8.2330
    8.1786
    8.1789
    8.2190
    7.9381
    8.0298
    8.1269
    8.1580
    8.2041
    8.0428
    7.8943
    8.1383
    8.0655
    8.0791
    8.1240
    8.1002
    8.1014
    8.0802
    7.9225
    8.3129
    7.9330
    8.1013
    7.8831
    8.1297
    7.9939
    8.1145
    8.4200
    8.2557
    8.4807
    8.1707
    8.1562
    8.1715
    8.0435
    8.0449
    8.1928
    8.0903
    7.9921
    8.3652
    8.2546
    7.9145
    8.3026
    7.9670
    8.0128
    7.9602
    8.1873
    8.1521
    7.9055
    7.9449
    8.1290
    8.0508
    7.9038
    8.0647
    8.1608
    8.2947
    8.0691
    8.2421
    7.9695
    8.1511
    8.3208
    7.9607
    8.2742
    8.0462
    8.2639
    7.9308
    8.3050
    8.3356
    8.3151
    8.1351
    7.9999
    8.0349
    8.0738
    7.9853
    8.1358
    8.1192
    7.9341
    8.1230
    8.3807
    7.9991
    8.0104
    8.0881
    8.0686
    7.9710
    8.0014
    8.0604
    8.1441
    8.3575
    8.0173
    7.9453
    8.0312
    8.3835
    8.1666
    8.3966
    8.2511
    8.0850
    8.2131
    8.0635
    8.1315
    8.0955
    7.9992
    8.1677
    8.0689
    8.0862
    8.3202
    8.3412
    8.0854
    8.2028
    8.1794
    8.2453
    8.3657
    8.2550
    8.0992
    8.0436
    8.2884
    8.2350
    7.9984
    8.0308
    7.9170
    8.0845
    8.0640
    8.1846
    8.1012
    8.0069
    8.2447
    8.1379
    8.0966
    8.1691
    7.8440
    7.8603
    8.2948
    8.0796
    8.1250
    8.0448
    8.2480
    8.1540
    7.9665
    8.2004
    8.1133
    8.1459
    8.3554
    8.3465
    8.3022
    8.2082
    8.0928
    7.9738
    8.1491
    8.1235
    7.9978
    8.0196
    8.3522
    8.1875
    7.8940
    8.3309
    8.0239
    8.2552
    8.0615
    8.1945
    8.3256
    8.3539
    8.2831
    8.0821
    8.2124
    8.0032
    7.8980
    8.0924
    8.1613
    8.1338
    7.9890
    8.1765
    8.0567
    8.2702
    8.2444
    7.8619
    8.1543
    8.0070
    7.9894
    8.0872
    8.0494
    8.2344
    8.0911
    8.0549
    8.0213
    8.0856
    8.0746
    8.1755
    8.0699
    8.2729
    8.2756
    8.1179
    7.8703
    8.2585
    8.2141
    7.9644
    8.0270
    8.0296
    7.9542
    8.1388
    8.0246
    7.9146
    8.0877
    8.0151
    8.1441
    8.0086
    7.8880
    8.2059
    8.3170
    7.9036
    7.9470
    8.0874
    8.1355
    8.0329
    7.8728
    8.2606
    8.3971
    8.3286
    8.0707
    8.0179
    8.0280
    8.0844
    8.4765
    8.1971
    8.3906
    8.0361
    8.0571
    7.9497
    8.4384
    8.3293
    8.0635
    8.0415
    8.1159
    8.1780
    7.9995
    7.9808
    8.0285
    8.0991
    8.0925
    8.3111
    8.1146
    8.2466
    7.9075
    8.0081
    8.0512
    8.1867
    8.3528
    8.1637
    8.0295
    8.4309
    8.3311
    8.2693
    8.1868
    8.1493
    8.1806
    8.0172
    7.8236
    8.0040
    8.1307
    8.1644
    8.0681
    8.1167
    8.1012
    8.5583
    8.3383
    7.8613
    8.3066
    8.0090
    8.2613
    7.7468
    8.2634
    8.0662
    8.1484
    8.3348
    8.3300
    8.1901
    8.0177
    8.0022
    8.0055
    8.0331
    8.1309
    8.1843
    8.0943
    8.3953
    8.3561
    7.9733
    8.0600
    7.9924
    8.1726
    7.9961
    7.9877
    8.0321
    8.0705
    8.2146
    8.0387
    8.4007
    8.1868
    8.2635
    8.1758
    8.2834
    8.2301
    8.1018
    8.0508
    8.1051
    8.1486
    7.9922
    8.0205
    8.1566
    8.1556
    7.9723
    8.1263
    8.0938
    7.9949
    8.2611
    8.0534
    8.0472
    8.3569
    7.9623
    7.9737
    7.9839
    8.0155
    8.1144
    8.0334
    8.3612
    8.0443
    8.0101
    8.2223
    7.8883
    8.1250
    8.1883
    7.9708
    7.9968
    7.9894
    7.9649
    8.3896
    8.1906
    8.4224
    8.0668
    7.9232
    8.1119
    7.9912
    8.2667
    8.4381
    8.1123
    7.9841
    8.2782
    8.3617
    8.0753
    7.8581
    8.0411
    8.0371
    8.2079
    7.9819
    7.9508
    8.1614
    8.0817
    8.2972
    8.1703
    7.9594
    7.8758
    7.9937
    8.0225
    7.9994
    8.0437
    8.2743
    8.3587
    8.1872
    8.0929
    8.2818
    8.0437
    8.0946
    7.9824
    8.1207
    8.1484
    8.0644
    7.9429
    8.4110
    7.9676
    8.0497
    8.2935
    8.2831
    8.0388
    8.2014
    7.9997
    8.0677
    8.1049
    8.0766
    8.2063
    8.0600
    8.0387
    8.1450
    8.2255
    8.2948
    8.0131
    8.2389
    8.0374
    8.2732
    8.1592
    8.0827
    8.3098
    8.1964
    8.2294
    8.2588
    8.1111
    8.3717
    8.0863
    8.0560
    7.9509
    8.0759
    7.9392
    8.1340
    7.8491
    8.0591
    8.0607
    8.0396
    7.9985
    8.4302
    8.1269
    8.0699
    8.2386
    7.9772
    8.2532
    8.0533
    8.0105
    8.1885
    8.0170
    8.0618
    8.0348
    8.2179
    8.3279
    7.9838
    8.1213
    8.2085
    8.2083
    8.2352
    7.9369
    8.1417
    8.0320
    8.1447
    7.9824
    7.8985
    8.2220
    8.0455
    8.1647
    8.2436
    8.2771
    8.1548
    8.0895
    8.0139
    8.1485
    8.0463
    8.1523
    8.0279
    8.1067
    7.9534
    7.9011
    8.0098
    7.9727
    8.1658
    8.2198
    8.6946
    8.2000
    8.1358
    8.4272
    8.1997
    8.2137
    8.0580
    8.1178
    8.2941
    8.2155
    8.1763
    8.2778
    8.2543
    7.9714
    8.2785
    8.2871
    8.3344
    8.2191
    8.1130
    8.2049
    7.9378
    8.3307
    8.0990
    8.4945
    8.2645
    8.1163
    8.1719
    8.0972
    7.9458
    8.1248
    8.0949
    8.1355
    8.1435
    7.9231
    8.2980
    8.0755
    7.9063
    8.1540
    7.9449
    8.2796
    8.1953
    7.9890
    7.9667
    8.0206
    8.2254
    8.1099
    8.0752
    7.8883
    8.2681
    8.2220
    7.9940
    7.9041
    8.4051
    8.0731
    8.0712
    8.2527
    8.2529
    7.9537
    8.1576
    8.3672
    7.9147
    8.0046
    8.0260
    8.0615
    8.2673
    7.8906
    8.1646
    8.1013
    8.1706
    7.9727
    8.1007
    7.9505
    7.9709
    8.1631
    8.4143
    8.0360
    8.2329
    8.1739
    8.4772
    8.0465
    8.1711
    8.1441
    8.1770
    8.1375
    8.1403
    8.0996
    8.0918
    8.2178
    7.8795
    7.8880
    7.9065
    8.3157
    8.1852
    8.3077
    8.1110
    8.1545
    8.3096
    8.0978
    8.0148
    8.1730
    8.1208
    8.1272
    8.1683
    8.1722
    8.1551
    8.0106
    8.1510
    8.0553
    8.1825
    8.2235
    8.2383
    8.0113
    8.1049
    8.2135
    8.3077
    8.3021
    8.0379
    8.1928
    8.0505
    8.1834
    8.1134
    7.9110
    8.2270
    8.1798
    8.2549
    8.0695
    8.2114
    8.0578
    8.2299
    7.9307
    8.0750
    8.1041
    8.0741
    8.1999
    8.2648
    8.1134
    8.0419
    8.2065
    8.1437
    8.0163
    8.0245
    7.9775
    8.2249
    7.9392
    7.9594
    8.0100
    8.0589
    8.0178
    8.0337
    8.2891
    8.2676
    8.3881
    7.9689
    8.1335
    8.2033
    8.3455
    8.2191
    8.0731
    8.1513
    8.0987
    8.1406
    8.0049
    8.1828
    8.1942
    8.1384
    8.2745
    8.1566
    8.0369
    8.1827
    8.2185
    8.0004
    8.1863
    7.9606
    8.0921
    7.8983
    8.1303
    8.0607
    8.0013
    8.0860
    8.1485
    8.2247
    8.0117
    8.0817
    7.9657
    7.8256
    8.4475
    8.0591
    8.1435
    8.1109
    8.0668
    8.0336
    8.2668
    7.9055
    8.2736
    8.1082
    8.4345
    8.1311
    8.4181
    8.3546
    7.9432
    8.1933
    8.3207
    8.1757
    8.2256
    8.4076
    8.2432
    8.3096
    7.8894
    8.2168
    8.0429
    7.9976
    8.0976
    8.3223
    8.1399
    8.0750
    8.1522
    8.0334
    8.1245
    7.9430
    8.0893
    8.2457
    8.0867
    8.2021
    8.1907
    7.8107
    8.0899
    8.2144
    8.1640
    7.9313
    8.1432
    8.0789
    7.9886
    8.1546
    8.3392
    8.1866
    8.2404
    8.1972
    8.2345
    8.1101
    8.2907
    8.1066
    8.1107
    7.9220
    7.9287
    8.1341
    8.5162
    8.1675
    8.0504
    8.0930
    7.9612
    7.9030
    8.2860
    8.1678
    8.0852
    8.0810
    7.9811
    7.9953
    8.2532
    8.0336
    8.2656
    7.8866
    8.0833
    8.2602
    7.8991
    7.9109
    8.0499
    7.9684
    8.0130
    8.2656
    8.3806
    8.1662
    7.6905
    8.0772
    8.1824
    8.0096
    8.0275
    8.3217
    8.3036
    8.2504
    8.2007
    8.3079
    8.0048
    8.0544
    8.0951
    8.1376
    7.9315
    8.2099
    8.1276
    8.1282
    8.2376
    8.1129
    8.2503
    8.3155
    8.1391
    8.1690
    8.0827
    8.1642
    8.2004
    8.1078
    8.1080
    7.8502
    8.1048
    7.8602
    8.0332
    8.1644
    8.2200
    8.0991
    7.9995
    7.9951
    7.9685
    8.4223
    8.2254
    8.1778
    8.1387
    8.0843
    8.1193
    8.1916
    8.2980
    8.3457
    8.3745
    8.3793
    8.0402
    7.9236
    8.2739
    8.3661
    8.2216
    8.1991
    8.0765
    7.8520
    8.2910
    8.3143
    8.0741
    8.0181
    8.2936
    8.2332
    8.2783
    8.0351
    8.1403
    8.0803
    8.4366
    7.9948
    8.0554
    8.0237
    7.8349
    8.1252
    8.3161
    8.1203
    8.2418
    8.3646
    8.0373
    8.0728
    8.1602
    8.0824
    8.2521
    8.1046
    8.2438
    8.3820
    8.3105
    8.4515
    8.3371
    8.0970
    8.0786
    8.1256
    7.9727
    8.2408
    8.1871
    8.3836
    7.9947
    8.1291
    8.0933
    7.9533
    8.1218
    8.1268
    7.9368
    8.5427
    8.0374
    7.9992
    8.3551
    8.1145
    8.1286
    8.2536
    8.0967
    8.3160
    7.9215
    8.0166
    8.2528
    8.2278
    7.9870
    8.1713